-10973.515569999996
-10973.515569999996
-10973.515569999996
-10973.515569999996
-10973.515569999996
-10973.515569999996
-10973.515569999996
-10973.515569999996
-10973.515569999996
-10973.515569999996
-10973.515569999996
-10973.515569999996
-10973.515569999996
-10973.515569999996
-10973.515569999996
-10973.515569999996
-10973.515569999996
-10973.515569999996
-10973.515569999996
-10973.515569999996
-10973.515569999996
-10973.515569999996
-10973.515569999996
-10973.515569999996
-10973.515569999996
-10973.515569999996
-10973.515569999996
-10973.515569999996
-10973.515569999996
-10973.515569999996
-10973.515569999996
-10973.515569999996
-10973.515569999996
-10973.515569999996
-10973.515569999996
-10973.515569999996
-10973.515569999996
-10973.515569999996
-10973.515569999996
-10973.515569999996
-10973.515569999996
-10973.515569999996
-10973.515569999996
-10973.515569999996
-10973.515569999996
-10973.515569999996
-10973.515569999996
-10973.515569999996
-10973.515569999996
-10973.515569999996
-10973.515569999996
-10973.515569999996
-10973.515569999996
-10973.515569999996
-10973.515569999996
-10973.515569999996
-10973.515569999996
-10973.515569999996
-10973.515569999996
-10973.515569999996
-10973.515569999996
-10973.515569999996
-10973.515569999996
-10973.515569999996
-10973.515569999996
-10973.515569999996
-10973.515569999996
-10973.515569999996
-10973.515569999996
-10973.515569999996
-10973.515569999996
-10973.515569999996
-10973.515569999996
-10973.515569999996
-10973.515569999996
-10973.515569999996
-10973.515569999996
-10973.515569999996
-10973.515569999996
-10973.515569999996
-10973.515569999996
-10973.515569999996
-10973.515569999996
-10973.515569999996
-10973.515569999996
-10973.515569999996
-10973.515569999996
-10973.515569999996
-10973.515569999996
-10973.515569999996
-10973.515569999996
-10973.515569999996
-10973.515569999996
-10973.515569999996
-10973.515569999996
-10973.515569999996
-10973.515569999996
-10973.515569999996
-10973.515569999996
-57274.229339999976
-60070.11706000001
-59041.878589999986
-70435.78613000001
-67725.48397000002
-68063.35331
-75174.00272999998
-89337.53621999998
-123356.40544999998
-137100.02699999997
-141984.3730200001
-130031.77942999998
-134980.97754000002
-129939.91653999999
-135039.09186000002
-123429.54910999998
-120617.05745000005
-118415.40145000002
-90050.83580999996
-76196.97533999998
-67169.05714999998
-74299.74775999998
-79490.64345000006
-66268.14698000002
-92826.14328999996
-92901.06230999998
-97019.33448000003
-88863.72760999996
-90513.60446000006
-79444.48491999997
-78930.59408000005
-78905.34251999998
-60870.980160000036
-56536.50674999998
-52770.939229999996
-55091.14006
-46429.45637
-55609.909449999985
-57416.36340000001
-78073.49842999996
-61610.57738999996
-51752.252210000006
-51622.57312000001
-49474.87961999998
-47724.38940000003
-51708.900129999995
-51128.78328000004
-47475.678439999996
-49662.666390000035
-43388.40612999998
-41442.01442999999
-45689.211809999986
-43365.66631999998
-45294.50635999999
-43873.325850000016
-42697.61235000002
-43012.15689000001
-43663.416930000014
-43631.67833000004
-46771.57471000002
-47078.474719999955
-47135.15762999998
-43165.03855999999
-42084.72629
-46829.79380999996
-44223.24496999998
-44511.87837
-45875.7968
-42576.05544999997
-42914.840489999995
-42942.61545
-44507.68779999999
-41283.15990999998
-41208.61723999997
-40220.445499999994
-41197.998190000006
-40944.97678999997
-44677.67019999998
-42631.64753000002
-42436.95568999997
-38763.926980000004
-44338.654470000016
-42096.05221999999
-42961.099030000005
-41657.890319999955
-44365.57567999999
-41938.40214000002
-40494.66716000002
-40026.34771999999
-60146.887709999995
-38400.3094
-41999.16741999998
-41764.07860999998
-47402.13163000004
-38769.62952999996
-40260.66986999999
-38319.25327
-47392.97170999999
-43054.56486000001
-39989.24460999998
-39719.11677000002
-44531.200390000005
-41317.34171999994
-41327.82531999998
-39093.72445000001
-36411.40461000001
-34148.439689999985
-89448.1181399999
-69021.78885
-58531.205559999995
-55120.72050999999
-45180.091840000016
-50008.35711999999
-99493.86402999995
-65696.99713999999
-47742.282389999964
-142153.59628999996
-44489.84881
-40204.30072000001
-41800.13371
-103658.60267999992
-41352.76345000004
-43447.176580000014
-34800.61365
-40090.70229000002
-41401.57618000001
-34950.09946
-35694.31939999999
-40479.89963999999
-43363.005009999986
-46655.662989999975
-42991.40805999999
-39143.13327999997
-38906.256419999976
-47465.14149
-39283.04013000001
-49130.19673999999
-41340.34681999999
-39996.469179999985
-37975.98781
-48233.56884999999
-44030.061250000006
-43191.18230000001
-35521.26870999998
-34869.897129999976
-40925.57769
-42600.10199999999
-41566.633570000005
-40440.954730000005
-37436.21577000001
-36771.82863999999
-37022.53385999999
-35184.605370000005
-40725.77105000002
-47747.70469000002
-39154.34579000001
-42754.9304
-40363.97797000001
-31747.996139999996
-37535.878560000005
-44902.07333999999
-39179.79332000004
-40556.70364
-36434.224109999996
-32968.94164
-35469.443980000004
-38910.23539999999
-42787.686399999984
-37239.13291000003
-35597.83557000003
-38538.96054999999
-36252.1026
-42926.88557
-34396.91342999999
-36657.23382
-33737.21751
-34510.35244
-31775.955990000017
-33362.168500000014
-32082.23660999999
-30832.900350000004
-34376.05751000001
-36013.01480999999
-33413.12397999998
-33249.2724
-33010.551909999995
-33655.87348000002
-34061.33690999999
-35342.80285
-39622.22861000001
-31610.977520000004
-37829.34515999999
-32396.975799999975
-39518.68177999999
-36958.59444999998
-37307.17146999999
-34688.06450000002
-38417.660860000025
-36637.778520000014
-30364.005159999993
-37341.52728999999
-30986.389289999996
-33481.25172000001
-34313.82021000002
-32112.127110000012
-31768.469330000007
-30480.917400000002
-25617.940980000003
-26556.649330000007
-32304.24349999999
-25750.712160000003
-33116.67567000001
-28721.03573
-31615.16631999999
-30118.25702000001
-32897.070469999984
-31447.76348
-29893.65593
-28216.729520000004
-27551.202280000012
-32072.803200000006
-33361.199259999994
-27199.503019999996
-32205.716809999987
-26498.545950000003
-27910.577450000008
-26912.25918999999
-31281.732219999994
-27882.5359
-26965.840829999986
-26485.386989999995
-26152.16446999999
-25768.232609999992
-27892.12624000001
-27366.94278999999
-26443.282339999994
-30198.20878
-28826.278139999995
-26521.883709999995
-28054.505069999992
-27349.737179999993
-29856.90383999999
-27833.15466999999
-27020.778679999992
-28986.331209999997
-25783.963720000007
-27065.8271
-28079.634100000003
-30133.626060000002
-27721.65530999999
-29216.961430000003
-27721.65530999999
-28337.843969999994
-27828.56457
-29216.961430000003
-27721.65530999999
-29444.812169999997
-27721.65530999999
-29390.450720000008
-27969.1819
-28862.65602
-28069.966269999994
-28862.458419999995
-29030.237030000015
-27618.69321
-30540.034630000002
-28999.951730000004
-27661.901090000007
-28377.17651999999
-27644.12716
-28852.74622
-26718.71648
-25957.03914
-27621.67394
-28079.076549999998
-27883.010919999993
-27621.694089999994
-27621.67394
-27941.90301000001
-29108.9121
-27621.67394
-28964.95558000001
-28272.33294
-27776.699160000004
-27621.67394
-27621.694089999994
-22907.912629999995
-29744.02700000001
-25956.49314
-27621.67394
-26714.96255
-27588.01502999999
-27621.67394
-27621.67394
-24520.892679999986
-29171.683330000003
-26906.421459999994
-26508.770620000003
-24001.775240000006
-29249.047719999995
-27758.64987999999
-28271.29372
-27758.64987999999
-25190.24673
-21862.12934000001
-23154.42256999999
-18761.37776
-19073.541579999986
-18130.239429999994
-18074.491370000003
-17011.919049999997
-22038.107340000006
-20955.144039999996
-23660.671089999996
-20943.39044
-25670.26136
-23493.580069999993
-23436.156509999997
-21632.710970000004
-25821.05364
-22959.17276
-23375.021289999997
-23438.083669999996
-21698.24697
-22160.68607
-26532.17956
-22247.950399999998
-20740.144859999993
-22007.591870000007
-27559.048059999997
-22054.708679999996
-21612.840649999995
-22073.199380000002
-26594.114210000007
-24023.228109999985
-20537.48494
-21870.856850000004
-23311.13538
-23176.186080000003
-20925.892490000002
-22917.227429999988
-26113.554840000004
-21430.196019999996
-20705.098069999996
-22252.803749999995
-24138.57051999999
-21672.230059999998
-20806.07983
-22499.30641
-24347.784199999987
-21677.34237999999
-20925.892490000002
-21467.748589999996
-24239.401629999993
-20595.978820000004
-22531.19811
-20918.75047
-24347.784199999987
-20790.62309
-21155.12969999999
-22354.792009999997
-27259.55742
-21883.846320000004
-21989.6968
-22227.515799999983
-23801.392109999993
-21238.00826
-22932.551829999993
-20980.375150000003
-22297.756629999996
-23231.654049999994
-24060.699399999998
-21600.288449999996
-22339.564450000005
-23871.168949999996
-22683.707380000007
-22598.75857
-23065.732590000003
-22728.91511999999
-22797.6889
-23049.209509999986
-22963.873970000008
-22368.221699999995
-22856.978649999997
-21944.936110000002
-24592.324650000002
-22626.68234
-21092.867909999997
-22859.28274
-22011.711890000013
-22907.899010000005
-23065.732590000003
-25184.871219999994
-22919.28603
-23037.92473999999
-22261.743710000002
-22258.031740000002
-22821.403550000003
-22088.207259999996
-22685.362289999997
-26602.730660000005
-25553.874449999996
-22541.21193
-22284.56456
-21585.271009999993
-21491.328970000002
-19010.82551
-16135.758919999995
-17356.16843
-30308.90414
-27316.75721
-24667.019949999994
-22367.134570000002
-25488.953209999996
-27062.569080000005
-27058.438280000013
-23084.78774
-21502.533670000004
-21369.02873
-24617.59487
-21817.8249
-21203.737900000004
-21265.11348
-24309.51869
-21803.603450000006
-23655.516670000005
-21866.39576000001
-21939.364149999998
-22459.536120000004
-20063.39459
-22135.700699999987
-21122.51420000001
-21187.600929999993
-23147.770759999992
-22691.56131
-22389.82038
-22382.249539999997
-21798.03102
-21021.86703
-22551.510380000003
-24227.11799
-29913.84859999998
-20614.602430000006
-22611.072710000008
-22729.154790000004
-23872.241029999994
-24433.601409999992
-21028.676119999996
-21408.10016
-25217.385510000007
-20580.998139999996
-24559.284290000003
-23123.992479999997
-21588.98595999999
-20585.41148999999
-23921.531039999998
-22169.135099999992
-21734.549850000003
-22984.491409999995
-21972.36036000001
-25472.462380000008
-21806.756389999995
-24098.235780000003
-21282.724930000008
-26321.198910000003
-23559.486810000006
-22339.246959999993
-30494.8198
-22404.692559999992
-24447.55784
-25050.21658
-28282.196079999987
-26644.774220000007
-23370.33124
-24029.57788999999
-22277.56434
-23664.69981
-24412.729860000003
-23050.479539999993
-25352.96550999999
-22757.102359999993
-25365.330840000006
-32350.155559999985
-26853.809820000006
-21849.792189999996
-23125.251770000003
-22386.600700000006
-26151.50483
-23566.13356
-43392.56021999998
-24621.38997000001
-27765.1605
-29252.17719
-22589.06884
-26817.69323
-26564.349939999993
-23590.074939999995
-31363.871380000004
-22751.18581
-25955.91774999999
-21730.777720000002
-25953.891030000013
-22498.575550000005
-20509.254169999997
-19839.801889999995
-19451.72456
-18228.112790000006
-18403.04889
-18067.566969999993
-24498.972299999994
-24062.90776000002
-23917.90257
-22077.095010000005
-20403.06690000001
-20531.500419999997
-26780.849430000002
-21707.694159999995
-21554.232000000004
-21431.29846
-29664.21665000001
-21761.213110000004
-22916.28737
-20071.418669999995
-21478.58411
-22009.975309999987
-21100.71036
-20189.86789
-28596.949809999987
-22009.975309999987
-20847.125389999994
-22163.768230000005
-21593.58822999999
-22936.492980000003
-22701.85595999999
-21893.62335
-21624.636950000004
-20211.01434000001
-23735.939940000015
-19489.838989999997
-22204.140510000005
-21862.60994999999
-23761.95691999999
-21171.953220000007
-21906.860629999992
-22487.386940000008
-21213.62989
-23484.71795000001
-19755.346980000002
-22055.502179999992
-22252.81411999999
-22378.05254999999
-22662.20404
-23020.629200000003
-21683.18877000001
-20261.32242999999
-24433.90577000001
-21353.59929999999
-20502.943330000006
-20658.180289999993
-23791.364449999997
-25783.846270000002
-24690.206679999992
-24455.88578
-23450.452899999993
-23866.468200000003
-24291.668629999993
-24721.290070000006
-27957.505440000008
-22902.373280000007
-24714.363629999996
-27649.255170000004
-24850.23529
-20580.485389999998
-23415.158129999996
-19896.581250000007
-22785.978929999997
-19786.519989999993
-32028.06337000001
-24657.499410000004
-21812.525699999995
-22422.32876999999
-29345.93141
-21493.057549999998
-23156.906719999995
-23058.318840000004
-20788.296769999994
-25875.78603000001
-24748.01725
-20431.4549
-25168.522509999995
-27117.6213
-24647.004730000015
-19056.815609999998
-22440.977839999992
-21597.978870000003
-31567.312289999998
-28718.456159999994
-22678.461970000004
-25179.53967000001
-25127.560469999997
-23311.80655000001
-26654.259719999995
-24044.167859999994
-20155.448139999997
-19285.767430000007
-20487.68222000001
-18952.349490000004
-18579.49696
-23969.937239999996
-18650.5658
-17511.899529999988
-50937.846910000015
-18570.56591
-47044.223889999965
-21036.48429000001
-22360.65726
-19988.01691
-71434.70143
-22648.09003999999
-23142.089249999986
-22996.978880000002
-18509.280270000014
-19114.183839999998
-21086.023399999987
-21115.380049999992
-23158.49375999999
-20274.47815
-20754.123859999996
-18652.541329999996
-17540.853819999997
-20955.304130000004
-20445.468140000004
-17042.90759999999
-20143.822079999994
-18562.99188
-18534.869789999993
-19859.2072
-30158.829579999987
-17434.721510000003
-21110.36777999999
-22141.170719999984
-19031.001040000006
-22715.165359999995
-20147.94668000001
-17885.64656
-17688.75512999999
-21579.033709999996
-19369.044260000006
-21097.203300000005
-20822.93001999999
-20733.46366999999
-20115.13848999999
-19816.038329999992
-20555.558429999983
-19738.436209999996
-18447.979089999997
-17758.884239999992
-18614.22486999999
-19909.88748
-16359.519559999995
-21041.129090000006
-20205.753589999997
-18835.72024
-22620.458990000003
-19471.85806000001
-18879.560629999996
-19341.236529999995
-18608.08664
-19618.56894
-19861.19374999999
-19683.017460000006
-19626.696449999996
-22675.426159999995
-18488.053770000002
-19869.309000000005
-21781.432149999993
-16176.880060000001
-22499.72323000001
-20691.499899999995
-18745.1705
-17949.424619999998
-19873.806659999995
-19028.231700000004
-18208.018090000005
-19622.624720000007
-16483.147789999995
-17956.650780000007
-16154.413149999993
-19401.881330000007
-22636.734649999995
-20531.01674
-20603.03215
-20897.18382
-17326.888150000006
-20815.948589999996
-23364.042180000004
-20951.40334
-19852.415530000006
-20358.30713
-21804.181830000012
-20537.141499999987
-16912.788569999997
-38418.66524000001
-17198.866190000004
-18164.757369999992
-18360.319969999993
-14974.98463
-18340.868230000007
-24690.550009999995
-18617.024429999998
-21767.178590000007
-30767.742990000017
-26967.88996999999
-25121.054259999997
-21657.528369999993
-19437.276690000006
-15685.24229
-16286.309749999997
-17497.996660000008
-16917.883339999997
-23096.950240000002
-15897.867099999994
-15784.949339999992
-19836.262780000005
-15722.580189999995
-16869.842680000005
-17567.634470000008
-15917.372050000004
-22775.311830000002
-16164.764729999999
-18291.182909999992
-15135.444090000005
-15108.284070000002
-19738.99862000001
-15481.550539999997
-16031.817809999997
-14284.203509999996
-17482.271720000008
-14616.894039999996
-21206.45687999998
-17974.415069999995
-18171.732849999997
-15547.142549999997
-21655.68705
-16337.240979999997
-16443.753570000008
-17602.72350000001
-24175.41896999999
-17204.418120000006
-19378.87434999999
-17191.291629999996
-19526.1401
-17203.93538
-20384.364219999996
-15358.779349999999
-22868.104320000006
-16954.94896
-19499.28828000001
-17424.99242999999
-16547.709130000003
-15396.129120000001
-19550.211750000002
-16606.65972
-15404.267680000004
-17101.806399999998
-18120.17980999999
-15092.006320000002
-15952.403840000006
-14961.943880000004
-15687.404759999992
-15092.006320000002
-15046.943039999998
-14716.862669999999
-16154.428410000002
-16387.149120000002
-18157.685380000003
-16756.627610000007
-14791.313190000003
-15511.223389999997
-17371.043699999995
-20122.030059999997
-14760.7927
-15226.869099999996
-20232.12236000001
-16259.093890000002
-15758.615229999996
-16699.925850000007
-25074.907370000008
-19850.01666000001
-17903.745130000007
-18297.418379999996
-17452.158549999996
-17756.0441
-16930.69124
-15452.754760000002
-17183.241750000005
-16580.378369999995
-19546.032770000005
-14871.851469999994
-18109.47391999999
-16998.79639
-16875.365690000013
-15765.663849999995
-16019.87985
-16727.39357
-15273.981670000001
-20729.648170000004
-20075.266209999994
-16008.554239999998
-23154.812589999987
-21620.23194999999
-19841.056469999992
-17844.458749999998
-18571.948679999994
-18720.952910000007
-17265.324230000013
-20984.795020000005
-18506.970109999995
-20120.001170000003
-19217.95518999998
-23154.388700000003
-18954.311390000003
-19334.63236
-20149.209
-18261.747430000003
-23369.30359
-18757.541350000003
-20010.514189999976
-19690.429400000005
-20558.137219999993
-19486.59013000001
-19102.553040000003
-21469.36309999999
-19124.229340000005
-18140.455830000003
-17993.7142
-22892.591190000006
-26711.3821
-17149.951360000003
-23628.78859
-22938.62896
-18243.148729999997
-18494.646639999988
-18314.016929999994
-19473.662959999994
-18711.65857999999
-17966.424440000006
-15661.839069999998
-21479.554559999997
-22563.082009999984
-21535.507400000013
-18627.81501
-16501.07932
-26330.640559999996
-20947.332080000004
-17705.51197000001
-15604.542310000003
-22216.15404999999
-19236.698209999995
-17793.23867
-18325.676859999992
-21477.94378999999
-17627.792920000007
-19734.65848999999
-20939.003969999994
-21779.883440000005
-18067.322169999996
-18001.597329999986
-18162.912410000004
-22708.995879999988
-18966.26146
-21437.56708
-19828.895960000005
-21747.519969999994
-19384.249560000004
-23718.791660000003
-18802.76349999999
-16436.85503999999
-17370.37144
-20362.49558999999
-15472.612189999998
-25860.216540000005
-17897.09172
-21254.015290000007
-19207.763109999996
-13892.031519999995
-19977.01094
-16585.04518
-16743.41917999999
-26388.93625
-18142.99658
-17119.660350000016
-21841.175670000004
-20628.83978999999
-15808.22692
-21836.54226000001
-21250.774470000008
-17751.140570000007
-18348.56448000001
-19685.095799999996
-19355.390309999995
-15730.858509999995
-13391.98977
-16951.60512
-15084.955089999998
-11790.060039999997
-17024.24347
-19132.5041
-19050.85149
-23690.812190000008
-22275.88957
-18610.545199999997
-20921.38873
-19913.837580000014
-19587.31424
-18184.926589999995
-18995.22637000001
-15278.365210000002
-21575.351660000004
-17858.590930000002
-19022.59307000001
-18648.799799999993
-18291.184960000002
-24735.960989999978
-18753.17931
-16563.24341
-15177.648910000002
-17483.23497000001
-19027.810980000002
-18745.218240000006
-20203.85063
-19052.411200000002
-23699.68407000001
-18999.10881999998
-20219.00132999999
-17290.78878000001
-19013.823340000003
-19592.666739999993
-17620.567760000005
-18623.175500000005
-25754.383830000006
-19682.76980999999
-19466.7678
-16304.734099999998
-20084.83042
-19158.947549999993
-19723.165410000012
-17636.55994000001
-18785.459070000004
-13500.513279999994
-13526.141179999997
-15426.643869999998
-20709.45473000002
-19430.18833999999
-18342.329579999987
-17539.183210000007
-16184.13521
-20526.09192000001
-20454.720899999986
-17083.305190000003
-24557.11131
-23434.78458
-21016.65678999999
-16493.23865
-15727.725569999997
-19189.73056
-18206.955089999992
-17750.650750000015
-20088.70179000001
-18937.508
-17025.701970000006
-19462.408600000006
-15947.152100000003
-15074.957539999998
-18677.878679999998
-14964.727390000004
-16013.611659999997
-20856.714709999997
-13448.814540000001
-13921.59374
-14533.947810000005
-14297.35142
-14794.98666
-20768.389049999998
-14969.2519
-14676.630619999994
-16354.959239999996
-17799.869629999994
-14455.37978
-18015.583420000014
-17992.992579999995
-19531.179860000007
-15384.179419999999
-18365.966390000005
-17813.899500000003
-14491.73158
-15228.280869999997
-15807.777139999997
-14805.64008
-14682.408680000004
-15477.16194
-16887.545710000006
-12778.894919999995
-12472.385540000003
-11511.18711
-15741.092429999999
-12629.681790000008
-16521.71327
-18712.215010000014
-18884.337579999992
-16676.175890000002
-17026.460099999993
-45509.49663000003
-16923.17784000001
-18042.568580000003
-17226.166169999993
-16722.130070000007
-19950.180139999997
-17777.26860999999
-16293.226389999996
-19081.418879999987
-19412.127379999987
-23938.580019999998
-15822.361749999996
-21729.89827
-15114.631789999996
-17566.25603
-16175.269909999995
-15986.878569999993
-18965.751349999995
-18262.79552000001
-16949.337430000007
-15375.424500000005
-18283.01551000001
-17597.475269999995
-17308.247399999993
-16698.04843999999
-24289.059200000007
-17738.317740000006
-18557.43360999999
-18148.282110000007
-20208.35133999999
-21433.073349999995
-16308.782959999999
-19950.443059999994
-16497.56856
-17069.68897
-15474.235379999996
-14551.921870000004
-16280.741419999998
-16627.25733999999
-17214.085699999996
-13916.46943
-17967.86095
-15459.035179999997
-16802.44558999999
-15920.96334
-17188.208329999994
-19596.085520000004
-21392.198380000016
-15172.683710000001
-15730.644669999998
-27634.095809999995
-15207.52348
-15844.030679999994
-17002.708410000003
-14715.28869
-14836.473369999996
-18212.474070000004
-15061.857029999994
-16837.371410000003
-19329.471799999996
-13229.024399999997
-15904.87653
-17440.59588000001
-15660.781369999993
-21276.873569999992
-13300.049299999997
-19351.565049999997
-17784.25234
-19738.556359999995
-15704.978259999996
-16924.971709999994
-16035.077999999998
-13387.67855
-13918.560580000001
-15269.633880000005
-13170.525459999995
-15878.366230000001
-19416.706739999994
-18942.997779999998
-18041.3689
-15425.035200000004
-18334.034139999985
-15979.496080000004
-17007.87069000001
-15921.384829999995
-15855.721999999998
-16944.307170000004
-13063.84515
-14841.433430000001
-20358.697829999997
-15103.058450000006
-12467.76477
-10826.777609999996
-14782.702900000002
-12128.944179999993
-17336.654
-13382.650979999997
-15940.191109999994
-14045.621849999992
-19187.56526
-15234.139449999999
-17406.016499999987
-14376.02081
-15783.812360000004
-17519.728309999995
-15855.327839999998
-16920.939490000008
-16047.258990000002
-16023.155479999996
-17856.64726
-16255.786919999997
-16048.438349999995
-14677.416649999994
-14613.791429999997
-15497.169639999996
-15518.376679999998
-15568.45725
-13406.725610000005
-16554.567730000002
-15298.887850000003
-16396.267860000004
-15484.022229999999
-17641.07537
-17449.604940000012
-17842.600850000006
-12535.92353
-14501.663730000002
-15418.227139999997
-19486.653479999997
-14747.00794
-13945.288759999996
-14927.994120000001
-17510.925800000005
-17698.476019999995
-15138.374849999991
-15006.087480000006
-14322.919
-14116.052679999995
-15576.444090000005
-15832.542289999998
-17062.9527
-16231.852920000003
-16621.387880000002
-18367.173129999992
-16387.926100000004
-14193.327460000002
-15617.125449999998
-15882.557980000001
-14059.414510000006
-16315.927249999999
-16884.70272
-17441.863949999995
-15341.36873
-16075.69498
-17414.412040000003
-16491.302470000006
-15647.264610000002
-14156.81631
-17696.634749999997
-16422.60516000001
-14379.702080000003
-15894.357179999997
-15504.463630000002
-17235.03943
-15563.029089999996
-15594.482670000003
-15981.683170000006
-16669.613230000006
-18658.308710000005
-16784.20825000001
-30648.153699999995
-16505.132160000005
-18417.14062
-16118.827440000001
-15409.35631999999
-17737.852860000003
-16027.949430000004
-18026.246740000006
-16592.697149999996
-18576.736439999997
-15590.564900000001
-15464.657519999997
-15268.068930000007
-14971.603130000003
-15961.85218
-17267.8942
-16634.967549999998
-14362.197079999993
-18053.94863999999
-15747.748719999996
-13418.390909999998
-12458.426150000005
-10842.13397
-10651.056460000002
-11095.694320000004
-12429.36288
-14767.080999999996
-14872.927119999998
-12814.421779999995
-14718.401360000002
-11831.9294
-14895.925940000005
-16407.859460000003
-15897.797019999998
-14550.342689999996
-13140.497950000004
-13086.40218
-14321.927440000001
-17950.609560000008
-13916.042440000007
-18058.99177
-12913.738280000001
-16145.308710000007
-14163.93396
-16935.110419999986
-12480.04391
-16877.716919999995
-12815.0514
-16218.908339999998
-15802.859140000002
-16852.68683999999
-14724.526
-14481.586979999998
-15550.489410000004
-19264.106770000006
-20303.60184999999
-18837.04738
-13435.697450000001
-15453.420129999999
-16757.17012999999
-19453.175080000008
-11827.615639999998
-16429.53606999999
-17916.329549999988
-19510.960929999997
-13228.986660000002
-18371.393699999997
-12766.867239999998
-16619.56899
-13300.235999999997
-13791.575690000001
-12593.275640000002
-21366.107310000003
-13333.067599999997
-16283.994920000003
-15393.311229999996
-14035.423369999999
-18248.35246
-18313.750579999993
-17332.778640000008
-17733.68064999999
-15787.52
-15779.206969999994
-15606.792350000005
-16373.28601
-16253.773350000003
-15868.049119999996
-15199.370680000004
-15918.23917
-13332.567750000004
-16017.271239999998
-15685.096589999994
-15678.975260000003
-18410.731630000013
-18400.12204
-16276.2977
-14720.869549999996
-17220.967220000002
-16627.474560000002
-15434.112100000006
-14136.315029999998
-17503.564289999995
-14390.116619999995
-15962.454939999998
-15926.800509999995
-14439.610940000002
-16007.383359999998
-16607.924509999993
-14871.964329999997
-14707.481099999997
-12715.292450000003
-14833.387469999996
-14078.454590000001
-15924.147279999996
-13753.615470000002
-14201.289540000002
-13503.559160000003
-15044.632309999995
-15506.739339999998
-14593.964139999995
-11793.915850000003
-10366.476360000002
-12304.056929999997
-9968.817549999998
-11006.411719999998
-11799.959980000001
-11576.06108
-15234.00284
-12417.17868
-16643.01006000001
-13566.82072
-12604.786969999994
-12155.659609999999
-14593.221089999994
-12441.95782
-13933.36025
-14715.676439999997
-14814.841769999997
-12833.83684
-15103.482289999994
-11602.513100000002
-14742.08693
-12705.264339999998
-13767.08754
-16918.23653
-12015.879210000001
-12467.81128
-12640.29861
-12619.293390000003
-12545.320819999999
-14342.315089999996
-15988.26015
-12370.17449
-12043.946289999993
-12287.598159999998
-14727.313200000004
-12138.857649999996
-13084.942179999993
-12210.15265
-12759.33084
-13193.536959999998
-13142.878239999993
-15703.065739999991
-14210.627020000002
-13183.926249999999
-13212.377930000006
-13232.65947
-15710.074550000005
-13693.663729999997
-13473.906669999998
-12027.244729999997
-14517.854100000002
-11866.294379999994
-15782.11208
-12054.093499999999
-14100.4573
-12504.542689999998
-12562.195289999992
-12441.517339999997
-13707.186730000001
-11407.522089999995
-14803.428109999997
-11835.46207
-12276.677499999998
-12160.166619999998
-13090.67342
-11713.83472
-13867.195879999997
-13707.03515
-13499.913409999997
-11484.631169999997
-11646.245930000003
-11981.097299999998
-13995.22946
-13809.650019999992
-13032.445809999997
-11064.55519
-12609.906830000004
-12042.464309999996
-13575.52363
-11440.499129999998
-14578.546930000002
-11906.24039
-14100.854469999998
-13973.612969999995
-12132.499020000003
-10958.169820000001
-13451.863749999997
-11745.412119999994
-13871.852400000005
-12875.197509999996
-13945.078309999997
-10406.836249999998
-10302.691450000002
-10600.457450000004
-11042.048149999995
-10738.757929999998
-12813.24308
-10600.457450000004
-10191.745109999998
-9212.525999999994
-9854.006630000002
-10843.568480000002
-10389.835809999999
-9525.405850000008
-9402.40903
-12191.373920000002
-9642.17998
-9638.282330000002
-9521.90353
-11736.81089
-9808.937199999997
-9464.559090000002
-10064.25653
-12554.39962
-10356.846649999996
-9785.309279999998
-10093.902580000004
-12744.314559999999
-10209.73803
-10915.328849999998
-10395.266130000002
-11089.027750000001
-9558.817219999999
-9689.8417
-9544.390559999998
-10108.971160000001
-10990.936239999999
-9781.129679999998
-9740.657020000002
-10273.93396
-11032.78686
-9732.97757
-10060.127599999994
-9857.80499
-9983.02634
-9892.19566
-10030.5395
-9876.664420000001
-9876.848479999997
-10959.740730000007
-9869.226399999998
-9993.01699
-9629.061660000001
-10144.913400000001
-9473.267740000001
-9778.614840000002
-9690.915650000003
-9754.007770000002
-9690.915650000003
-10060.26839
-9569.25854
-10094.942209999997
-9660.144020000002
-9844.24181
-9689.876540000001
-10037.263419999996
-9444.27215
-9991.398509999995
-9498.40818
-9900.028540000005
-9309.27729
-9692.025060000004
-9557.198509999995
-9664.237859999997
-9315.82889
-9963.19329
-9613.251170000001
-9840.663139999999
-9708.462050000004
-9924.169110000004
-9591.50371
-9742.14255
-9636.884130000004
-10015.256410000002
-9645.566729999999
-9892.008040000002
-9590.685319999999
-10675.712339999996
-9698.45456
-9646.674530000004
-9601.64707
-9764.91497
-9631.208730000002
-11523.127779999997
-9794.100369999996
-10084.340989999995
-9482.633689999999
-9540.00218
-9663.375440000002
-10306.074279999999
-9498.062839999999
-9507.516760000002
-9511.827490000003
-10295.075340000001
-9104.222539999995
-9703.69532
-9567.86178
-10792.215399999995
-9506.353790000005
-9736.618809999996
-9310.384139999998
-9909.518620000003
-10051.594430000001
-9774.126800000004
-9963.588329999995
-9649.79504
-9772.26506
-10048.600340000003
-9912.9293
-9785.724439999993
-9530.729469999998
-10424.298710000003
-9730.974420000002
-9458.701069999994
-9614.542960000002
-10170.608240000003
-9710.454630000006
-9509.753949999997
-9480.529299999997
-9938.415480000001
-9571.559050000002
-10117.86113
-9529.08656
-9598.629440000002
-9508.536839999997
-10061.24435
-9583.679890000001
-9905.087929999998
-9736.205860000002
-9629.07456
-9741.497720000003
-10864.181419999995
-10098.72857
-9606.62837
-9776.141640000003
-9587.611800000006
-9768.65777
-10007.44459
-9560.04097
-9625.545120000004
-9606.181579999999
-9632.91429
-9612.51404
-9828.16786
-9605.998609999999
-9829.989559999998
-9612.51404
-9627.463659999996
-9605.998609999999
-9783.671749999998
-9606.181579999999
-9627.463659999996
-9605.998609999999
-9632.91429
-9612.51404
-9715.220729999997
-9605.998609999999
-9757.169149999994
-9612.51404
-9714.127029999996
-9605.998609999999
-9613.1281
-9612.33107
-9613.1281
-9605.998609999999
-9613.1281
-9533.125420000004
-9613.1281
-9612.33107
-10229.81478999999
-9612.33107
-9738.588839999993
-9586.68772
-9661.89893
-9593.02018
-9612.51404
-9586.68772
-9612.51404
-9529.679370000002
-9715.402729999998
-9596.28499
-9613.1281
-9586.68772
-9975.078940000003
-9612.33107
-9715.402729999998
-9593.02018
-9922.730840000004
-9523.874789999996
-9662.622670000002
-9611.58699
-9713.186720000003
-9546.126950000003
-9589.791200000001
-9466.617360000002
-9847.531309999998
-9558.695689999999
-9715.049950000004
-9516.294170000001
-11044.735779999999
-10501.529569999995
-10988.176469999993
-11813.107869999998
-10950.255010000004
-10943.991919999995
-12088.060569999996
-9906.60067
-10894.908310000008
-9848.908230000001
-10130.031440000002
-9677.445440000001
-10385.598370000003
-9875.458840000001
-10128.455280000006
-9475.3006
-9818.048630000001
-9963.11167
-9987.839159999998
-10747.52908
-9919.273890000002
-9592.364130000004
-9937.949230000004
-9474.009719999998
-9625.726069999995
-9965.00185
-10392.854569999994
-10529.008830000002
-10158.971169999999
-10107.47426
-9945.231670000001
-9474.009719999998
-9601.573649999995
-9514.22785
-10058.933510000003
-9687.399620000002
-9762.743430000006
-9472.205880000005
-9792.930880000002
-9474.009719999998
-9601.573649999995
-9761.44353
-10169.900879999996
-9583.365100000003
-10028.156150000003
-9486.454549999997
-9907.05293
-9651.845419999998
-10051.96208
-9865.1
-9792.930880000002
-9865.1
-10244.552329999997
-9865.1
-10179.94861
-9839.754440000002
-10244.552329999997
-9839.754440000002
-10446.468410000003
-9982.98943
-10456.159149999998
-9488.903679999998
-10517.96069
-9685.94121
-10478.800949999999
-9594.655289999997
-10179.94861
-9982.253379999998
-10451.868479999996
-9779.534050000002
-10177.650290000003
-9982.253379999998
-10249.08226
-9746.52117
-10263.855379999999
-9802.62104
-10517.96069
-9520.161619999997
-10265.068940000003
-9496.961989999998
-10390.791319999995
-9720.580629999997
-10265.745269999996
-9720.580629999997
-10233.343360000004
-9829.594570000005
-10239.310739999999
-9829.594570000005
-10121.83383
-9796.010189999994
-9997.09073
-9514.94598
-10214.118240000003
-9605.704639999998
-10265.068940000003
-9518.648280000003
-9981.060069999998
-9900.949020000002
-10334.594229999999
-9605.704639999998
-10868.038539999998
-10034.549609999991
-9969.027029999996
-9717.90481
-9884.274910000006
-9970.182719999999
-9949.254860000001
-9890.358139999998
-10238.226700000005
-9560.476859999999
-9944.03656
-9404.786350000002
-9963.298780000005
-10170.669069999998
-9741.95278
-9831.559230000006
-9841.579410000002
-9791.441120000001
-10125.613890000002
-9791.441120000001
-10342.920579999995
-9777.14854
-10073.153360000002
-9845.145889999998
-10354.891549999997
-9935.747420000002
-10275.829559999993
-10020.496750000008
-10342.920579999995
-9683.58186
-10165.493939999997
-9469.299650000003
-10138.752730000002
-9868.167210000003
-10213.401599999997
-9667.919859999998
-9496.769510000004
-9947.640149999996
-10252.69479
-9951.21552
-10252.69479
-9964.979409999996
-10248.164700000003
-9831.451619999998
-10252.69479
-9823.604669999997
-10252.69479
-10115.597950000001
-10067.154110000001
-9801.127969999998
-10252.69479
-10136.203300000001
-10067.154110000001
-10328.200279999995
-9721.346079999998
-9704.388539999998
-10185.74106
-9883.98492
-10300.35693
-9764.58884
-10193.910429999998
-9724.092190000001
-9557.296859999997
-9806.433290000003
-10148.475980000001
-9734.085439999997
-10247.534350000002
-9951.036580000002
-10247.534350000002
-9732.574889999998
-10269.92511
-9649.380799999997
-10156.82118
-9561.85416
-10010.731370000001
-9911.145209999999
-10164.891119999995
-9538.88185
-10140.78231
-9948.531759999996
-9976.33063
-9527.559910000002
-10010.731370000001
-9734.085439999997
-9995.95824
-9553.762890000004
-10041.427949999998
-9914.120620000005
-10247.534350000002
-9816.856960000003
-10060.86243
-9973.476169999996
-10062.71957
-9826.218630000001
-10062.71957
-9928.03879
-11049.400669999995
-10300.84806
-10010.731370000001
-9968.833319999998
-10790.445419999996
-10144.522540000002
-10392.007869999996
-10250.531700000005
-11164.205659999998
-9800.81003
-10012.098600000001
-10006.668039999997
-10455.516320000002
-9916.580589999994
-9880.935879999994
-10707.99592
-10974.51771
-10110.790150000003
-10649.069549999995
-10740.316459999996
-11065.711669999991
-10272.735249999996
-11278.984449999998
-10497.536219999995
-10952.793660000003
-10051.205589999998
-10832.445179999997
-9831.384739999998
-10275.851340000001
-9977.047749999998
-10203.510819999998
-10075.87201
-10177.652549999993
-9876.56528
-9914.254839999996
-9393.600740000003
-9925.53194
-9958.260789999998
-10185.052619999995
-9837.33294
-10195.95312
-10068.317500000003
-10173.241660000003
-9837.33294
-10151.008619999995
-10116.350550000001
-10419.445039999999
-9670.739899999997
-10195.95312
-9710.919590000005
-9969.097249999999
-9845.326509999997
-10275.851340000001
-9971.1028
-9617.286389999997
-9731.299520000002
-10195.95312
-9753.17311
-9619.6148
-10123.11912
-10195.95312
-9736.262839999998
-10181.07427
-9671.719430000001
-10195.95312
-10068.317500000003
-10139.328949999997
-10299.720179999998
-9874.594099999997
-9764.711120000002
-10198.173580000004
-9790.586219999997
-9671.659849999996
-9701.20968
-10370.502509999995
-10014.770360000004
-9681.087739999997
-9432.855019999999
-10231.81883
-10081.17784
-10068.514660000003
-10249.231720000002
-10268.469899999998
-9792.335390000004
-10211.183320000002
-9792.335390000004
-10211.183320000002
-9603.391760000004
-10171.405619999998
-10325.137559999997
-10211.183320000002
-10249.231720000002
-10068.514660000003
-9974.34192
-10717.83924
-9799.74683
-10211.183320000002
-10346.942949999999
-10112.630110000002
-10133.685549999997
-10074.8334
-10078.887320000005
-10074.8334
-9830.424819999998
-10950.13939
-11924.35451
-12490.756739999995
-11869.668539999995
-12754.608769999993
-11923.611400000003
-12595.992809999994
-11565.504719999999
-12306.945719999996
-11610.782030000002
-11893.79623
-11651.07633
-12162.567400000004
-11101.745989999996
-11687.551669999999
-11069.201289999999
-11558.240900000004
-11141.909870000001
-11885.776029999999
-11875.046799999998
-11573.160959999997
-11520.838030000004
-11853.35453
-10736.037769999997
-11882.697600000007
-10768.33263
-11525.23122000001
-10739.64282
-11754.34539
-10359.2436
-11695.346249999995
-10359.2436
-11912.550539999998
-10841.790699999992
-10749.890579999992
-10514.390650000001
-10625.363599999993
-10045.67548
-10562.908069999994
-10045.67548
-10246.273220000001
-10045.67548
-10547.699759999998
-10022.7958
-10235.068060000001
-10137.050510000001
-10246.273220000001
-9763.898999999994
-10638.151090000003
-10045.67548
-10638.151090000003
-9773.424080000003
-10657.030560000001
-9795.256709999998
-10293.010599999998
-10525.589629999999
-10489.056529999996
-10023.679740000003
-10719.068830000004
-9858.86228
-11130.36879
-9826.86584
-11099.16616
-9858.86228
-10918.31088
-10449.99777
-11130.36879
-10449.99777
-10918.31088
-10449.99777
-11075.399660000001
-10449.99777
-10918.31088
-10449.99777
-10918.31088
-10449.99777
-11099.16616
-10449.99777
-11099.16616
-10449.99777
-11345.87899
-10449.99777
-10496.005469999996
-10449.99777
-11099.16616
-10449.99777
-9848.031420000005
-9550.74554
-10403.751830000001
-10455.740010000003
-10128.320089999997
-9550.74554
-10361.079689999995
-10449.99777
-10361.079689999995
-10503.653289999993
-10231.779869999995
-10449.99777
-10929.314110000007
-10449.99777
-10204.754599999997
-10207.627659999996
-10926.868740000002
-10171.915810000002
-10613.21485
-10270.928070000005
-10742.98323
-10288.895720000002
-10056.335170000002
-10718.286979999999
-10343.643940000002
-10929.931339999997
-10130.818940000001
-10917.359139999993
-10324.53163
-10438.500799999996
-10437.523039999991
-10585.915999999996
-10104.669960000001
-9927.430379999993
-10076.81027
-10414.415509999999
-9695.30245
-10414.415509999999
-9695.30245
-10592.421110000003
-9695.30245
-10520.456670000001
-9693.242670000001
-10520.456670000001
-9695.30245
-10520.456670000001
-9720.96855
-10021.641830000002
-9881.481849999998
-10610.34559
-9693.242670000001
-10528.252210000004
-9695.30245
-10704.475960000003
-9881.481849999998
-10567.923249999996
-9881.481849999998
-10753.82131
-9693.242670000001
-10851.363260000002
-9695.30245
-10567.923249999996
-9695.30245
-10528.252210000004
-9881.481849999998
-10687.277059999999
-9904.19843
-10618.49271
-9794.12246
-10727.30247
-9695.30245
-10567.923249999996
