38.0
2365.0
2543.0
2738.0
2892.0
3050.0
3160.0
3236.0
3258.0
3221.0
3204.0
3168.0
3141.0
3120.0
3103.0
3097.0
3094.0
3083.0
3076.0
3076.0
3060.0
3044.0
3027.0
3006.0
2990.0
2972.0
2952.0
2938.0
2923.0
2906.0
2893.0
2880.0
2863.0
2853.0
2841.0
2828.0
2818.0
2805.0
2793.0
2779.0
2769.0
2756.0
2741.0
2723.0
2703.0
2681.0
2662.0
2637.0
2615.0
2593.0
2567.0
2546.0
2523.0
2498.0
2469.0
2446.0
2421.0
2401.0
2375.0
2352.0
2328.0
2304.0
2282.0
2261.0
2237.0
2213.0
2189.0
2165.0
2142.0
2121.0
2096.0
2072.0
2047.0
2025.0
2003.0
1983.0
1961.0
1940.0
1919.0
1899.0
1877.0
1854.0
1821.0
1795.0
1796.0
1797.0
1797.0
1800.0
1802.0
1804.0
1805.0
1807.0
1808.0
1813.0
1814.0
1819.0
1820.0
